20
18
-257.05633639348014
-159.66710992544506
-144.79782494472454
-179.30479062614342
-211.3502520424396
-234.56243282245072
-246.28757803480647
-252.8132446807159
-258.9048456902031
-263.8148806014608
-263.63385779004966
-262.0973773480026
-263.90143263516575
-275.85750045924385
-290.96387866985555
-312.2509311723202
-334.9138388122797
-345.5810106828578
111.33860332695934
139.16289880261073
148.33987844366516
143.75894431020566
145.97516560534748
144.87162960467086
143.82989268717995
142.76636423299476
140.27989603656272
135.04414835312144
132.35871227796977
135.6770160735141
137.07442276816633
134.5236642108759
136.45585894156537
137.2507335059067
141.8819870125946
152.05228658293225
-5.068905895387289
-4.148774372990493
-8.680611166032621
-6.464898368938122
10.280100198946846
14.050631587881867
15.770831065866211
20.601312782395304
25.501963079514724
28.584750033446504
26.887662700043514
19.661361686320262
11.090944291627132
10.734588328323095
19.20995876129293
30.069124169637224
39.49753605181503
46.83348562578891
71.16817384892241
82.76273847007272
86.4220167135579
86.23796121659578
87.85728792326097
88.53073506833816
92.39085777062243
96.28346650340065
100.37660410908289
105.28876529371325
107.09978996833965
101.92336400236853
94.00170117955477
92.89659554939918
93.39466227452567
90.02637082822463
80.14430025732726
79.53765143423513
-11.372179363975498
-36.34188055316233
-66.88163370966147
-103.87252403141531
-113.6003265720353
-105.32498374602734
-100.41916348024982
-97.33323564373161
-96.27423220552656
-94.0907409349629
-88.40004510551199
-76.93737617544326
-66.4427023209239
-59.23550402114835
-56.6334180235184
-53.84486094396805
-45.197197247901414
-26.29747802106355
9.06759057536341
8.087060991437593
-0.14633028805401183
-18.17058428257749
-28.25880866295658
-25.50550985225302
-25.122087852018414
-26.336168310376912
-28.39587288514673
-27.572519490899367
-23.8359455845261
-13.490283201024464
-6.105356502138135
-5.651126001146028
-12.519606855186693
-17.972724242028313
-20.289281658417952
-27.26289372311321
5.834260764587463
15.423400895010701
29.504895534589565
43.60352664966829
51.808980166530006
50.627752145999324
46.171397858584086
44.3970201108785
43.20051426017557
41.41297768558306
37.43485355495438
33.02341126497255
33.77153769451858
36.962331308979685
37.71243109693424
37.25664223282513
32.08543099491203
28.162167528741385
-13.338619442069762
-17.040791711676654
-13.647867685751578
-13.77522307023157
-23.9670327451519
-30.921034798961387
-32.86460394528845
-31.352398855322527
-29.617391803463605
-25.62123160261958
-25.466105100167603
-27.808809334876017
-22.65673829191679
-16.23529691938125
-14.370490912551741
-11.604608310695632
-10.689129615885445
-6.947216175240105
-36.58970497998291
-53.106803349450885
-55.62274498806598
-52.67272122311405
-48.739222982619296
-38.403865460808085
-32.07365209239179
-30.19303173637936
-28.870944658052476
-25.40939692966421
-23.100336910331727
-22.86770280059023
-23.640943686482718
-23.86675760473213
-28.17840746494963
-31.212421586475667
-33.87931649665723
-37.19485617730723
-8.398317116479218
-21.299406874039807
-30.566960864903823
-31.45727772477224
-21.409994270278894
-12.612336634142755
-12.911154529110739
-12.664055835686085
-13.79101509609757
-14.63938856567784
-14.912944969941734
-13.506510070855466
-15.677294861144187
-16.458538714789935
-16.768547667622137
-13.769126195259934
-11.062000710130146
-14.16109015783596
6.410156205682745
9.977881550115303
11.104582824535317
10.248413999686104
6.1493215197743805
3.4133329807663113
5.4569977087539225
4.943951439402079
3.784597641965134
0.7724331141312129
-1.3026313757606385
0.5950682645616312
2.8660688796841027
4.21667155792462
3.7802467349903486
2.825820230290796
0.4273755585268694
-1.4599761512875487
13.589304143984375
13.702951460809738
4.731402542883116
-10.32594617275067
-20.960221522700003
-28.163666876243177
-33.205869733486935
-34.979011964090695
-33.667835981517804
-36.419410570281215
-39.6641961015897
-41.342424850666944
-42.56308058594135
-42.45055359210905
-42.146411860808385
-41.75245519777049
-38.62657152947434
-34.94528192155281
4.763868143341153
6.353420949893206
5.211440396269545
0.3272593998165414
-8.3001426438482
-10.04282007914868
-10.308176348655143
-10.88608905374014
-9.34080481103706
-6.6040213208148035
-3.7088344008246565
-2.722234503203371
-7.1531860879155715
-11.406766912788985
-12.868335003152783
-10.501493992149605
-4.859350921388482
-11.57915050656454
9.504335645165172
22.10222805120289
28.77213751347955
28.19326770455153
33.87542387104021
36.31646875308499
34.675924996178864
35.490855692422045
36.91812499005695
36.651011372830865
38.83557635132341
36.60941146599727
30.70690897903742
27.839126018687807
30.952438888729482
32.655395962556966
31.49130199357983
35.39927708111459
-0.38057338837064636
-1.675444321484184
2.9943840729737907
7.106181676213221
4.991843330942471
0.1660884000859577
-1.3017736521414776
-0.7058031136600336
0.5575707207706753
-2.0096068679237034
-1.8487354681090553
-3.367969448149081
-6.02442268513147
-5.930648090501142
-1.1050582366739587
2.3679944321673547
3.720584162135265
13.867165071705317
5.487434059659882
-1.1065147578655976
-4.486945971777427
-6.22482243636068
-3.707948435216059
-2.2491758490440863
-0.8040044950753518
-1.5124662077341142
-1.6668339199668267
-3.6053508834758325
-2.6093201250376405
0.015278576429239799
-1.5903878053769418
-3.770798400617463
-5.418969804265052
-8.782170455163131
-10.809148052686403
-15.785694642796727
0.3262964376225759
-3.4031813983074093
-7.111801805956624
-11.077875520908638
-7.418048275202274
-0.0197931114205262
0.6496562693138703
-0.1274139292637042
1.0089201160386085
1.500809300690355
0.9816981125585763
1.1214683778733887
-1.7674041851126783
-3.110653184155915
-2.6073708788401735
-3.3034804063266705
-4.924038466211453
-3.9835341271589084
-2.8355309528220514
-1.0027493971810393
-5.4893196504763555
-15.280363279926684
-18.93832802546935
-17.03146405598803
-14.2455616210907
-13.751834208482936
-13.085019047178289
-10.378683466037781
-9.81980219403134
-7.535893183153058
-4.031996847512914
-1.6347702769116523
-1.1757278107636004
-1.4514121111382199
-6.0751215719852905
-3.352902829831002
-8.069151343642474
-12.792634437645038
-13.47638114576738
-15.479487215164081
-18.91668450830948
-17.419279613736425
-17.49488916079467
-17.637666842165046
-17.877420865622963
-20.06891688370362
-20.46663153627306
-18.919116333338927
-14.944019021248199
-13.403311024549115
-15.74191739514473
-18.538822845540906
-22.732618015224993
-21.638077653587544
-3.165805685093761
-4.888549696520242
-5.7701225388747766
-6.52263731995408
-12.1585043196858
-15.962411552409211
-14.999373464577701
-14.954283638562465
-14.701046801767992
-15.687655176834276
-13.282433645624188
-11.192722279501021
-8.836953812679983
-6.701625019949137
-8.684382418425848
-8.811319133562215
-6.793633905039865
-4.763484591446834
