20
15
-316.10128932564123
-314.25745846116183
-289.83924448036964
-285.7251483035554
-204.24015759593792
-162.9645294885995
-154.90704313250504
-159.60274596062408
-145.56483118922785
-144.00245256708126
-154.8914596826426
-168.16333623419865
-188.98871845873649
-208.83490656350185
-231.54733809252002
92.91362451434856
92.84723775837404
96.97413843739189
97.05439705327649
109.08163712936746
115.85103592023276
108.92505377482672
99.71900655404552
99.96000439619971
101.62155945726886
99.817667224969
98.3380605609075
102.69199592321021
110.92739264938714
122.85489431762718
17.98740848491057
17.486902874208187
8.840807588499633
7.07034119199778
-28.22203000176001
-46.469224719611915
-54.62950091638225
-60.47371889338503
-58.598343927071724
-52.245230950662275
-48.44666454968364
-49.209086788034085
-41.26771104876515
-38.18719491699093
-28.247874512449123
83.50648632165029
84.51264906794404
87.0055845071068
87.43210322735854
98.83824239891747
104.48605417584112
102.79523812661938
104.00167244334844
116.04286022300833
120.75945301988904
119.56886792999143
114.05232046968663
108.18718084257547
96.85315528907387
83.53741815663119
4.154207698391493
3.4116500078790533
-1.9929822951569829
-3.4090721144726785
-17.02922626293501
-32.667118611947174
-41.39737706701989
-42.32834290011956
-36.090781418563246
-29.677809002534588
-23.700851929353483
-21.637389626073258
-14.343911759523355
-7.579082157826873
3.093458703622302
35.46403820995953
36.539660669235005
38.343411448290404
38.41142613366767
31.228718188453794
19.845343036303735
9.390953481168008
-4.166631832810998
-4.48363136639467
-4.733719165191081
-5.408047545646543
-8.001229204261904
-9.780480431432652
-16.209380514251798
-18.475473513820518
2.1884457746756434
2.498080103472211
2.1814735298962162
1.4010144464591825
-4.908714125489089
-11.515327239681229
-24.06395011918373
-33.4093394972607
-37.03503321786959
-38.585750013009246
-36.79018938702954
-33.023520267367346
-29.140679399466265
-26.856012604750283
-25.42176025173865
-63.76617804620813
-64.8246524704199
-69.1888023527285
-70.11243666856248
-78.51547494548024
-81.85221413739853
-72.22734938941437
-54.08776434409311
-38.52560706965489
-23.880313351849388
-14.010566706342647
-9.796341319866372
-6.06084392336936
-4.1091454476131615
1.6858231078841364
-39.91225270788381
-39.94330665408003
-37.4652825286106
-36.61659996058153
-27.704686619177885
-18.211702153011544
-7.77521548670929
1.2755341186886218
4.405771632377856
5.762955489588952
4.914934028589247
6.469845944866078
2.411783213697478
0.06661224827369772
-3.221862244079736
-12.617814421535773
-12.870716214014998
-10.912286420301259
-9.856789353573227
-5.540961030855867
-7.29763466779614
-12.720813055264312
-23.952216670432794
-31.204359883625635
-39.17054143236017
-44.22436140998643
-41.987257245272644
-43.77413230200333
-39.985743416263006
-39.5650324602766
-17.11268298568762
-17.94961470377875
-17.782443215792274
-17.532364905109993
-16.228868426508434
-12.95351984059208
-11.570023535519402
-8.417582823644238
-7.126991595939252
-7.721985595425167
-8.309756307753876
-6.071230306759311
-3.7014154116444162
1.8799873396279239
6.4567382256719
-13.950891341397034
-13.66910117586615
-14.565797752472918
-15.922650120206606
-24.83839851753299
-31.596415421013546
-28.078379239173405
-19.155967763722295
-19.344244884494636
-17.858072830290137
-16.698694648713797
-15.923505550796445
-14.943208749454843
-12.516022360338539
-9.290213905915056
-5.921333267379091
-5.078066688979436
-5.230271496822841
-4.914308775658407
-2.3745823339333167
3.772909556426451
10.516800845848401
7.605662695149505
9.088955238870113
4.556415563132709
-1.7352877245286886
-5.707863561279856
-12.473106534376967
-17.516501593209043
-22.89847665816886
-18.810566749626794
-20.03884137501866
-20.61684050705304
-19.709106308616718
-6.810737676021943
9.381830900397006
13.527048927774086
7.643043292363956
2.39559222255115
-2.655234878486957
-4.787992354128963
-4.029660484400116
-1.9790261558421085
0.152148184646971
4.147083635831449
5.966220974988627
5.420006325268628
4.244399880845158
3.6020057692385885
-5.204877626600208
-11.795625662584852
-14.96024309329377
-11.358759065291252
-9.929482122066368
-5.95110453554339
-1.5358627733546273
-1.2801744998919995
-0.4961168827692142
-1.8712140096904284
-1.5914961697960677
12.170138729536003
13.058500561447016
13.799235254128519
13.263356969715986
9.064737819490114
6.49830726647378
5.300404806818584
9.925651270301966
13.900352854769979
14.887105183414555
11.940402391255533
8.18758106272819
0.921827994819429
-5.647779378429523
-13.320304230552463
-23.92368989409976
-23.884446145765295
-24.362904955953724
-24.005558435057264
-10.709663999733541
1.151750321988695
7.520061337774682
7.8534138806279685
7.620403082490689
4.200789664747438
-0.7795700589024905
-2.9026276498820662
-3.664332290013117
-3.7250665429408847
-0.40387000445235977
-17.059113834722943
-17.74640450773551
-19.33174577455972
-18.988681482349726
-12.998882133171769
-2.5084653181060808
-1.5722096070870257
-2.2726110457084747
-1.887431657614078
0.2991015479682374
2.210547649398983
1.1065695642926663
3.4551792614176655
2.6318508632008153
2.5608591909899885
17.669629096962424
17.779607003773133
20.540355453846736
20.165859452507313
14.119698308476542
-0.10586718701671827
-13.539551266614584
-16.801503238260292
-18.30277339390389
-13.153195115594551
-9.601397350318006
-10.493875636289186
-12.093324349090597
-13.75313723689482
-14.589077736989552
-4.4003922316460224
-3.8226175744716433
-2.3679629672852713
-2.0573339165719924
-0.6625115965169899
2.349011681304014
6.656348820023443
6.516614130337341
6.951344227004645
4.298700102193176
0.8858123909029887
-0.8760121586000555
-3.8729472260138817
-4.2001636369881945
-1.7329770072589392
