20
18
-355.8488782403705
-277.6511134307642
-214.2202323417084
-171.9118297354029
-136.9336072663611
-118.99056613025763
-106.1864626021699
-121.43218666504184
-163.44786780674468
-212.78061854686467
-227.66276624623686
-224.24100512241907
-218.86927749722693
-217.76755213934564
-223.25667773884555
-239.8482180190553
-267.6485216960763
-307.40529858376647
125.15288902494851
125.59120781822584
128.51143738708862
131.49472045638788
128.6488526982592
119.86547185486481
103.6175330393696
90.91258806968507
77.72572529926067
75.96458982569436
81.67671791571999
82.53999743470045
84.97989044637674
88.22486566111826
92.22501750795064
98.00510605603749
104.08805311437374
107.28680844719334
7.9311650236856845
-35.040349373129956
-64.64455313935179
-69.90641609301997
-63.99761048134533
-60.328050334661
-57.110114035456164
-54.17310946484605
-51.13523827955241
-43.68222266366587
-40.573822024770934
-39.6952678178704
-43.606632740568415
-46.29473029793528
-46.361914576072095
-37.057342989629426
-20.399460317177496
-0.7687110990388337
37.63807191800766
65.19891903385974
75.84075488985769
78.66995976944187
78.82269265327196
73.78005013001858
62.52656783245091
57.193052519992776
67.4050408227834
87.57841584024372
92.91707414413689
94.28399943813949
88.70255026962272
81.79516324780622
77.3150637806322
78.86550036685315
82.72583998297502
84.5158040116943
18.694011229870966
3.5995793993558993
-10.634588722099522
-6.837586791391891
-0.14435988546915146
-3.4281839646285737
-16.39475430764999
-24.753346634552514
-30.86325853036334
-38.479572025319996
-40.484285900422556
-43.36794133401693
-49.70847851013621
-53.44216533649704
-54.27774682009665
-52.25602495811018
-48.21478815920146
-46.44157524966742
40.60151157206526
42.65606198254326
30.53199365852371
19.712913349744
5.120225206161735
-1.6690775569683036
-4.56936734604848
-1.871500172036066
-1.3060800492323537
-3.1127182354539746
-7.203774600364069
-5.136199504441461
-5.9377264621148935
-3.841037421754018
-2.4099544008204603
-5.386689135947688
-11.246887075347223
-21.724398115397097
40.6897548706972
49.85848071038225
33.35476569632493
9.328224706897952
-11.94894047129976
-12.103319389393343
-16.59983576661679
-21.49897649362192
-26.27463149604005
-27.855352523765227
-27.139462854474612
-32.52904339116929
-35.10694782782891
-30.85663984612478
-23.53926144122217
-17.048556155255458
-9.284891031714816
-2.2501455694378807
-20.32006685422128
-30.637498349882144
-31.956415448924584
-26.80388682348172
-19.204127301285418
-12.893053239543804
-14.361592004865294
-17.957765976189908
-17.750024177893422
-9.05346240582515
-2.6792068306416144
2.5788963471560393
7.259241494008803
12.926186667011912
14.939024317945838
11.305114933908584
10.37368652384109
11.011287622936203
-25.029379048656093
-33.26949099004567
-29.823417698487674
-29.150129123869586
-26.28586888877201
-25.50260526073004
-24.766722167706554
-28.52373227151569
-30.5034981993764
-33.475369325392876
-24.503954545805367
-17.362614844133997
-11.860797423853054
-7.579687830186781
-4.773155388475949
-3.387631133745968
-2.1124121267685316
-1.7640425196075584
12.098910762511906
2.472172625446195
-2.4104020606045697
-1.8395208747424636
-2.6624962555270493
-7.660889386750668
-7.459533068608148
-7.948735711758605
-2.3025718551038348
-3.7940514692183154
-8.225429404477913
-11.081999656784536
-17.981252794485982
-22.309993197391695
-24.749532361958707
-26.628338048314184
-25.737738454191593
-23.649639075435495
10.26865316547497
25.094329803860237
29.20542957498978
21.374550135394305
12.228044866848872
9.361536895998178
8.42572932683225
8.190325638641715
13.809024987237045
19.50548373023435
23.21936937721744
25.051314213031716
24.93330692388951
24.29354028584336
22.852443614540547
20.264625330276267
17.73047106601468
13.27090405326886
-21.895633038993793
-25.148287783673155
-28.978657298178582
-28.087981710807043
-24.324077975866615
-24.010309205019816
-20.129732876336316
-17.750903999080595
-17.092068866980075
-21.57273320200982
-28.167714021774753
-29.81914255124679
-29.340611923501285
-27.638163642763537
-25.73048383043727
-23.322976862681067
-20.480048748145293
-19.18704079054048
-17.190064039719598
-30.93271968902085
-34.39006912405586
-32.677642989396034
-24.863151073306316
-22.531300265016924
-23.090925707711822
-23.40824122942874
-20.777543041510114
-24.34811899496377
-27.331041545929054
-25.80784392103413
-28.603447220117268
-29.249897052253154
-31.3025754509008
-34.46581811316611
-33.789902214798914
-27.53475611707385
0.8071627557062362
11.76749304175992
5.832104683556118
-2.981578915163062
-9.029102304134014
-13.367954398886303
-19.746673377513453
-22.350540695278514
-21.39581005929586
-18.09590000210629
-11.550810402701089
-9.104733977698759
-8.291365343619368
-7.438912981402471
-7.689549002084409
-5.624536339960361
-1.183397764248237
3.3926075988076416
-13.860377917527078
-13.598704997409385
-17.99777336008284
-22.275263017543203
-20.704663711539517
-20.49632855483057
-16.119700029119095
-13.00441284093247
-9.231762128670583
-4.523657274820238
-3.9738356676166315
-5.936802261074833
-9.09169094055622
-9.825647464025737
-9.701330978295601
-8.937021650435927
-5.001207636791063
-2.6490895526916294
-6.248569542135999
-12.912991572857765
-16.65950246967019
-19.859757233172086
-13.296210419962641
-10.03211613161555
-8.014188715623249
-8.108372882121753
-7.4199579866594725
-11.938547103131484
-15.3709063798517
-16.54090959788512
-20.21714531865576
-20.901252034542225
-19.53440919041166
-16.347174987488316
-15.222470656861038
-13.765691860364731
-6.545676033900032
-10.830472537153158
-14.669263114642487
-14.679334728376038
-17.316381395043614
-20.765125354980942
-19.513119835363288
-13.067816057712276
-12.150748056230354
-9.400968532774113
-9.667499479001226
-10.88461757959897
-12.756770094238162
-12.883600916974046
-11.237246862957953
-9.937741508412177
-8.996344596414584
-6.782280373169664
-16.896139324481094
-15.27268597201183
-13.904268434057101
-10.764909932914406
-2.5720394355354594
4.464406995417398
8.873758299130774
9.125936631973705
5.319780480340863
2.461472596915202
1.596525715925552
1.812195283492133
1.7584056213365757
3.3662332430038857
5.192415925534468
6.5667089627953406
7.117486899167635
3.695332478143539
1.3835730132069592
3.1497147509672097
-1.129481318388577
-3.359450141008318
-3.167591460921019
-0.5492045900293419
-1.4040872644484759
-7.3964195295116415
-10.773642949260406
-9.729080119195599
-12.138550540382536
-13.059303774758206
-15.479965763420363
-16.445107141571302
-15.344298678854813
-12.25372509995079
-8.557317446511858
-5.314094785355823
2.080202456867065
-3.882527938167244
-3.5735651356641545
0.7665901201978067
4.945962890996874
4.427670876417902
2.9080468293532267
2.5988319507438606
-1.342849677315964
-8.147155960084682
-10.297142718745743
-11.783933090207423
-13.69709029528908
-14.067250811817306
-12.877028557104293
-11.182078561290682
-6.131087193570922
-1.2547872138733176
