20
14
-311.87858937020144
-285.773375803765
-215.88979968634484
-154.01760152408232
-121.9658681781878
-121.64738271446399
-142.71019247799504
-175.68200843062138
-206.40623207891292
-239.3956944901235
-276.24234263204573
-311.5426249455334
-345.24881996041097
-387.09339158879106
117.90953877067062
122.33395913605358
144.8421622388158
155.32175272331423
156.46754142857048
155.10609855489358
151.80264053999633
144.97869465404057
136.8618821906582
130.5167078786393
126.86375958617458
124.96638731099874
122.18215308741844
114.29925167682501
-0.5714451502104856
-5.067303529185393
-18.570798272313112
-34.67506257779243
-47.203036535357406
-49.70178178074788
-44.39210463732764
-35.4320357553119
-30.562475820176367
-22.447944645525475
-6.061920393334351
11.807492911951803
25.416129080340355
35.953359537027325
30.8356097179225
34.23638410024424
26.495175695106752
24.46579881922756
19.332405234671583
10.635979974737579
-0.5385081287112543
-8.658572399606054
-11.878751208619597
-13.583052877957636
-14.292821255154308
-11.234464502507578
-5.492053833561083
2.7224996998723783
-36.53938745255095
-38.61116980542451
-59.21846101305279
-76.86995045816141
-86.22630391254202
-87.38412095646557
-82.99085183661668
-78.43409277220427
-74.02086771330573
-68.46727327612128
-66.2878290972117
-62.74044861053979
-53.83130428284287
-34.53766985836171
8.772563377786451
13.693001037392287
21.677405243591785
29.200416744171935
33.15300447481327
34.52168064653797
36.32253944682102
38.70965594775895
37.744461434788995
36.40378130558078
34.83944233082957
30.884402196983853
22.011553318339548
14.1354519280601
3.402981353020664
5.870384805543323
3.4682949104837597
-2.9994751914737385
-9.503468165531043
-17.709606331104297
-25.78527030438318
-32.68207263536953
-34.13116750662232
-31.179259344625233
-27.813720472961144
-28.51642885753231
-31.332458174802102
-31.29950550671939
-28.249125638676055
-29.272346841573675
-37.747602166065406
-42.90710519307636
-45.45013677190059
-47.56479373178252
-47.83890247150721
-47.320307296986016
-46.02997599419497
-43.86024007686421
-40.927691318975675
-39.8432546377069
-37.99441288111409
-34.643102419838605
-28.137802045906497
-29.340886070324746
-31.25427893182286
-29.18963676559455
-24.2453251997218
-21.393974545453734
-19.53606292257942
-17.20026346445882
-16.639617684676054
-18.47856007333363
-17.692603966288793
-11.166590898575123
-5.56977217706755
-4.429387251812511
-22.61753237092296
-21.22880826213308
-20.891032170456477
-16.786999688016063
-8.655834855060107
-3.24621021078785
0.1420497282223363
4.89842531100778
10.483293749817665
13.86791786309125
12.891815598871728
10.406864017768578
10.02387324293249
10.152590911170876
-3.2133867387029884
-2.2726215587293055
3.9470741361016835
12.776682301617697
21.6727913191744
25.067712270631894
25.194880809353204
22.404059788713617
22.47526785570004
25.375080083346848
27.038025312494838
26.10086527444254
23.976850785328097
21.486831480168924
-20.303275407845675
-18.739586740713268
-16.442564693272196
-17.12372925897785
-16.837482093025848
-19.01083113712792
-22.892548387042666
-27.707162798727836
-31.593759827514276
-33.148155992419376
-33.680127937777705
-32.38890513027092
-31.933448229862204
-29.180712700947716
-6.751951240588581
-2.0726176632903783
-2.5552650501760157
-3.246837857760209
-3.6319694048886126
-5.110061780893283
-2.7947668637959353
1.5515501565184788
2.354410564290289
1.928698260377327
-0.632533113957986
-4.61809898549949
-9.721919885933053
-15.184125783497677
3.4887858682280406
4.9386457607536896
6.086379487772665
3.274246006981343
-1.1886950192651178
-7.972842946973929
-13.87451581963617
-18.01301314118048
-18.83481686125686
-17.362087583652464
-15.752639369490353
-14.566190978661064
-12.004662294653485
-9.950180079628641
-19.25599753763531
-21.194438081209537
-20.306019750982163
-20.02259827743411
-20.14582052055802
-20.35112314620164
-20.979401300897244
-20.260721368643605
-18.286635601408655
-18.73419285287077
-20.460600476216953
-22.019122911626873
-21.91890846147479
-17.230523368465157
-12.279311686209141
-15.904036011471142
-18.085183898133813
-16.67422499456103
-12.910356194475018
-10.110994774938497
-8.020287852373755
-5.159257420009279
-2.358724030851775
-0.8457464400609964
1.5287635551111802
5.525597760742949
7.670100416769583
7.281212520884948
-3.5514278755282946
-3.9594468081490644
-8.370026706336537
-9.279458860585653
-8.261544816486133
-10.112088747719516
-13.144363374914548
-15.584253990989206
-18.055834090224952
-21.41165770842784
-23.19440239244911
-24.32836900988052
-23.35287505541916
-21.18035458146901
-2.882274117674302
-3.4418608392450305
-7.678327989559724
-7.361573990233529
-4.557336534650562
-3.179283711102948
-2.068956455115317
-1.164660406554389
-1.2404998293906515
-2.700705654689039
-3.6405027485579016
-7.882708417475783
-11.913962282600487
-11.349567696126634
-6.55901432366136
-11.266963628206689
-8.587782169631486
-4.953982152016974
-1.4245702795621003
0.4183615654720272
-1.2111440856962874
-2.0625763002409565
-0.2662995554172882
3.6141089283483354
6.263825839880212
6.246395262818881
6.159373020925502
6.316766325530786
1.4204924533822343
1.038825798297745
-4.354496042179994
-7.744906190557809
-9.754606195091743
-12.729733079969758
-13.280096806639275
-14.932535766738798
-18.046620422358593
-19.375737423889316
-19.890587702911112
-18.893592373638846
-17.622228063133978
-14.419154832377792
