20
17
-359.2386169056472
-311.9228346420847
-266.00511263537487
-256.8675465991998
-273.43657548153107
-290.1404724239288
-309.8359838844066
-319.58455178612036
-323.8164781243577
-321.795574814176
-330.0913862260543
-347.16997418074766
-375.292708239887
-413.7880946002508
-444.7184554379051
-470.205595146895
-478.94417584671885
63.57368181083308
86.37716299761077
133.94987696296033
154.32515627645537
152.9181857220289
136.86347351083867
122.01664683932616
117.56217435736644
115.59945767947552
117.8869043679864
118.71839525990627
121.01238044728692
120.87594635494283
116.0184285085111
112.83937277659972
115.72048247955709
114.84853423123414
-19.832788304250258
-10.199842835027013
-3.8607018713104995
-13.737601522287989
-20.26128307227423
-27.94129322241715
-27.545797785035113
-25.79925668955272
-26.379308773525164
-28.972325502563947
-22.325232502411332
-10.64722211425744
2.926593397724033
17.66435859538056
26.22218739695675
36.03290779707915
39.68932359729841
56.61120034140828
64.22497054155669
63.84058611708568
55.605686804460014
42.80340399880377
33.90590537888559
29.537187226915
25.182857908988165
26.013637688971496
26.87492713734187
28.1006722542482
28.255377150964037
26.446661073745652
20.780959608379273
15.532622651889152
13.561493950321069
13.812554520280381
-37.74843037227713
-39.00247397702883
-49.488291063263745
-58.72851913032718
-68.87737446606792
-80.63558679518505
-84.71953984206814
-87.5272607574997
-87.93327541639621
-86.47432671024765
-84.21155075536771
-82.89624809492685
-77.82330209981176
-72.88364881431795
-65.61225448398909
-51.16251655581123
-44.203645563704
18.452645498986158
10.900931606212978
-2.6200494421512643
-10.895952497271296
-10.021906849919807
-5.257652191457102
1.565174540514208
11.467691937913678
16.02273649624482
18.470678514870166
20.212768858722573
19.345796590302015
19.174906473980982
18.938796009905886
12.666485878491613
5.609367271150021
3.037138299290766
8.208410805093465
-3.245183330061903
-11.725670724510142
-4.197844074955927
8.187059985295729
19.719845191167423
22.450314099799755
18.918270925605935
14.381453108269074
10.865434876750726
12.434493409396188
13.749790522327373
14.550896776528846
16.347389633367072
15.40363527695247
16.140245349343704
14.918476605558428
-20.47105890746322
-37.09312023997893
-52.18392690352577
-55.79480042711398
-56.78268454911455
-52.933477658600694
-52.8198900140505
-56.35690230490894
-55.79967977437668
-56.27405842320615
-51.44448996287484
-48.960311706939706
-48.7508946092335
-49.14706474005065
-43.214112606589715
-28.082051361802822
-25.802463882332965
-9.29013492609595
-21.277907981671028
-34.31982045034036
-36.622901501988466
-30.859964170630327
-20.355270208222052
-12.94558812504577
-8.155068442158704
-0.44286775337905215
2.8910300073473216
6.835838518922771
4.875344683479941
3.0347276684261812
3.77873692924107
1.6281333952137214
-0.5556625716425523
-4.088766772271885
-11.031641251771624
-14.089332165100155
-15.658356282166533
-13.03872547612843
-9.753990563115538
-4.085548436443112
0.8336841200885963
-4.9998756189648415
-8.025284737487333
-7.354929972542594
-5.7286320061525995
-4.9767723580422984
-2.4802514284501354
0.9061496140080207
-0.055470821919912705
-2.9599396508580833
-2.8567689491908723
4.8691810057082545
6.8925538604303815
3.2211218898771565
-8.270119272647904
-8.82298378681092
-6.823652258599403
-6.641236126042104
-8.811672021455903
-10.102088325170827
-10.990696819373
-11.101469020943913
-11.43642963899099
-12.955467176082582
-18.307954447328278
-20.299583328888676
-19.750845976410933
-16.4816509624059
-20.387406800606193
-16.63664355420519
-10.669936331313725
-6.842628381228199
-9.969710542856532
-12.934767907718385
-15.26218927846791
-11.835121348836214
-9.450116880988979
-11.658557955487211
-14.326037609506306
-13.486525104232449
-10.269313115209528
-9.122724695789302
-11.35443613992041
-12.945176694785417
-9.312857990943364
-3.5958036194528793
-6.679959436047213
-11.558079477764283
-13.961338694007452
-14.280207750997324
-7.653168475766929
-6.184723979871668
-6.95359091884258
-5.6239170114360135
-0.383375893741994
1.0570700768011654
0.15056011709919082
-1.5581288033265523
-1.5425000597114735
-2.2259276479147676
-3.376329455096431
-3.557689933675588
15.887999215962198
10.04989524857676
-0.22912752119501945
-4.341032360142751
-8.131319419014911
-7.246866351709986
-6.57178288808253
-7.331483681842345
-7.493679309469982
-2.4301030157978682
-0.42386500171815333
-2.448806047928245
-5.77162048521756
-6.92979540373226
-5.16333015434829
-6.4485164025930235
-9.597120264814533
-23.258078609279778
-25.9898907646007
-32.5975872600982
-24.123381370501313
-17.330903029332656
-13.195351270660748
-8.575641540730611
-7.1411319141113365
-6.036179987826458
-9.879915307551384
-12.601790369299675
-12.112048313671437
-9.802761567775606
-9.596496292500216
-10.235611593800652
-11.23865135273715
-11.344175979883016
-6.61319831812137
-4.964888751088573
-11.630587558705958
-16.503827069574772
-13.231016006092602
-10.548135082107253
-8.503789041944223
-5.829580783376453
-0.6364527800397024
-0.5853627486343361
-2.9775273180947863
-3.0842280403055358
-2.3609091433553466
-3.6582791187381334
-5.9843980806254855
-4.426297151003902
-3.863484888004183
-2.6415026475217305
-2.8759933311544503
-2.6321647107303545
-3.2652750866395586
-5.526824578345202
-12.17884186824011
-15.079904819435018
-17.632773058606748
-20.452198974817286
-21.01825608253079
-20.53542357027015
-21.429523773007418
-21.70013135596821
-20.67055801886154
-21.477971579893307
-20.26278560514838
-19.55022126574895
-3.5160248449059877
-6.164633752424862
-1.8007800643345508
-6.294051202367326
-7.359072864043174
-9.094022246420867
-9.640451165682808
-11.11199730112975
-14.54365874576452
-13.186873782367101
-10.765583415353102
-10.745460820528915
-12.937906521080556
-15.68441949014233
-15.432261777465426
-14.442045684592106
-14.363569075431512
-6.688296402089483
-11.480566110583405
-8.162738101802978
-4.825368728158053
-6.12532930503397
-5.836555039179273
-4.325045385868135
0.1985951752340256
6.129672473922035
7.404916466578982
7.431027841856482
10.419494626486928
11.108377718978328
8.668644667360438
7.937903666460394
7.5591257547857165
6.518417822219679
7.662686433047611
3.0165353504870263
-2.0270187219633815
0.918021544438105
4.133818228427695
6.681358582946006
3.93430864359237
-2.4308323851594285
-5.321235419849474
-8.479784014996271
-9.828537835541397
-10.596850392302997
-11.619330106679726
-11.556120068124786
-13.25393359873821
-13.497085763372466
-12.630697200080839
